DATE,SP500,GOLD,LIBOR
2019-01-02,2510.03,1287.200,2.79388
2019-01-03,2447.89,1287.950,2.79500
2019-01-04,2531.94,1290.350,2.80388
2019-01-07,2549.69,1291.500,2.79681
2019-01-08,2574.41,1283.900,2.78250
2019-01-09,2584.96,1281.300,2.79888
2019-01-10,2596.64,1292.400,2.79694
2019-01-11,2596.26,1292.800,2.78731
2019-01-14,2582.61,1293.700,2.77894
2019-01-15,2610.30,1289.350,2.77344
2019-01-16,2616.10,1290.500,2.78031
2019-01-17,2635.96,1294.000,2.77575
2019-01-18,2670.71,1285.050,2.76100
2019-01-22,2632.90,1284.750,2.77925
2019-01-23,2638.70,1284.900,2.77063
2019-01-24,2642.33,1279.750,2.76475
2019-01-25,2664.76,1282.950,2.75163
2019-01-28,2643.85,1301.000,2.75050
2019-01-29,2640.00,1308.350,2.74438
2019-01-30,2681.05,1312.950,2.73625
2019-01-31,2704.10,1322.500,2.73750
2019-02-01,2706.53,1320.750,2.73263
2019-02-04,2724.87,1311.000,2.73438
2019-02-05,2737.70,1314.000,2.73850
2019-02-06,2731.61,1313.350,2.73763
2019-02-07,2706.05,1306.600,2.69700
2019-02-08,2707.88,1311.100,2.69775
2019-02-11,2709.80,1306.750,2.68800
2019-02-12,2744.73,1311.600,2.69288
2019-02-13,2753.03,1311.150,2.68375
2019-02-14,2745.73,1305.650,2.69388
2019-02-15,2775.60,1318.000,2.68288
2019-02-19,2779.76,1329.550,2.64125
2019-02-20,2784.70,1345.750,2.66338
2019-02-21,2774.88,1335.050,2.65100
2019-02-22,2792.67,1322.250,2.64625
2019-02-25,2796.11,1329.150,2.63863
2019-02-26,2793.90,1327.550,2.62888
2019-02-27,2792.38,1326.450,2.62613
2019-02-28,2784.49,1325.450,2.61513
2019-03-01,2803.69,1309.950,2.59850
2019-03-04,2792.81,1287.450,2.60763
2019-03-05,2789.65,1285.000,2.60663
2019-03-06,2771.45,1285.550,2.59450
2019-03-07,2748.93,1286.400,2.60063
2019-03-08,2743.07,1294.100,2.59663
2019-03-11,2783.30,1296.350,2.60825
2019-03-12,2791.52,1296.950,2.59325
2019-03-13,2810.92,1308.400,2.61088
2019-03-14,2808.48,1299.200,2.61463
2019-03-15,2822.48,1302.650,2.62525
2019-03-18,2832.94,1305.350,2.63263
2019-03-19,2832.57,1308.350,2.61275
2019-03-20,2824.23,1303.000,2.60700
2019-03-21,2854.88,1317.300,2.60150
2019-03-22,2800.71,1311.100,2.60988
2019-03-25,2798.36,1319.350,2.60875
2019-03-26,2818.46,1315.250,2.59738
2019-03-27,2805.37,1318.250,2.60100
2019-03-28,2815.44,1306.900,2.59175
2019-03-29,2834.40,1291.150,2.59975
2019-04-01,2867.19,1291.900,2.59550
2019-04-02,2867.24,1287.200,2.60238
2019-04-03,2873.40,1291.850,2.59775
2019-04-04,2879.39,1291.600,2.58863
2019-04-05,2892.74,1288.900,2.59213
2019-04-08,2895.77,1297.100,2.58400
2019-04-09,2878.20,1301.850,2.58125
2019-04-10,2888.21,1304.800,2.60350
2019-04-11,2888.32,1304.650,2.59675
2019-04-12,2907.41,1296.150,2.60100
2019-04-15,2905.58,1286.750,2.58800
2019-04-16,2907.06,1283.750,2.60088
2019-04-17,2900.45,1276.100,2.59150
2019-04-18,2905.03,1276.500,2.58113
2019-04-23,2933.68,1273.450,2.58025
2019-04-24,2927.25,1273.800,2.58638
2019-04-25,2926.17,1277.850,2.58238
2019-04-26,2939.88,1281.500,2.58275
2019-04-29,2943.03,1282.150,2.57900
2019-04-30,2945.83,1285.150,2.57563
2019-05-01,2923.73,1281.800,2.57550
2019-05-02,2917.52,1271.450,2.56513
2019-05-03,2945.64,1270.050,2.55988
2019-05-07,2884.05,1281.300,2.56200
2019-05-08,2879.42,1287.750,2.54513
2019-05-09,2870.72,1284.100,2.53525
2019-05-10,2881.40,1285.400,2.52788
2019-05-13,2811.87,1282.950,2.51800
2019-05-14,2834.41,1297.600,2.52450
2019-05-15,2850.96,1298.900,2.52513
2019-05-16,2876.32,1295.550,2.51963
2019-05-17,2859.53,1285.800,2.52188
2019-05-20,2840.23,1275.250,2.52338
2019-05-21,2864.36,1276.000,2.52350
2019-05-22,2856.27,1274.000,2.52475
2019-05-23,2822.24,1275.950,2.52063
2019-05-24,2826.06,1281.500,2.52488
2019-05-28,2802.39,1283.900,2.52375
2019-05-29,2783.02,1283.500,2.52175
2019-05-30,2788.86,1276.450,2.52025
2019-05-31,2752.06,1296.000,2.50250
2019-06-03,2744.45,1313.950,2.47850
2019-06-04,2803.27,1323.600,2.47438
2019-06-05,2826.15,1337.750,2.47163
2019-06-06,2843.49,1336.650,2.45300
2019-06-07,2873.34,1334.300,2.45063
2019-06-10,2886.73,1328.600,2.43575
2019-06-11,2885.72,1322.650,2.44950
2019-06-12,2879.84,1336.650,2.42788
2019-06-13,2891.64,1335.800,2.41025
2019-06-14,2886.98,1352.450,2.40200
2019-06-17,2889.67,1333.200,2.41850
2019-06-18,2917.75,1344.550,2.38663
2019-06-19,2926.46,1342.400,2.38613
2019-06-20,2954.18,1381.650,2.34313
2019-06-21,2950.46,1388.350,2.34925
2019-06-24,2945.35,1405.450,2.33288
2019-06-25,2917.38,1429.550,2.31125
2019-06-26,2913.78,1406.750,2.32988
2019-06-27,2924.92,1402.250,2.31888
2019-06-28,2941.76,1413.200,2.31988
2019-07-01,2964.33,1390.050,2.33188
2019-07-02,2973.01,1393.100,2.31300
2019-07-03,2995.82,1425.100,2.28850
2019-07-05,2990.41,1414.400,2.31138
2019-07-08,2975.95,1404.900,2.33775
2019-07-09,2979.63,1387.900,2.34075
2019-07-10,2993.07,1395.450,2.33950
2019-07-11,2999.91,1423.100,2.30338
2019-07-12,3013.77,1405.600,2.32225
2019-07-15,3014.30,1416.250,2.30325
2019-07-16,3004.04,1416.100,2.29963
2019-07-17,2984.42,1400.800,2.30250
2019-07-18,2995.11,1420.900,2.27763
2019-07-19,2976.61,1437.050,2.25938
2019-07-22,2985.03,1424.450,2.28275
2019-07-23,3005.47,1417.550,2.27550
2019-07-24,3019.56,1425.550,2.26663
2019-07-25,3003.67,1426.350,2.25575
2019-07-26,3025.86,1418.250,2.26575
2019-07-29,3020.97,1418.950,2.25550
2019-07-30,3013.18,1428.450,2.25313
2019-07-31,2980.38,1430.550,2.26563
2019-08-01,2953.56,1406.400,2.28675
2019-08-02,2932.05,1436.050,2.23925
2019-08-05,2844.74,1457.450,2.20900
2019-08-06,2881.77,1461.850,2.18700
2019-08-07,2883.98,1487.650,2.18450
2019-08-08,2938.09,1497.400,2.18100
2019-08-09,2918.65,1503.500,2.17563
2019-08-12,2883.75,1501.950,2.17525
2019-08-13,2926.32,1527.200,2.15813
2019-08-14,2840.60,1500.350,2.16838
2019-08-15,2847.60,1517.650,2.12375
2019-08-16,2888.68,1509.050,2.13588
2019-08-19,2923.65,1499.350,2.15150
2019-08-20,2900.51,1502.650,2.14950
2019-08-21,2924.43,1499.650,2.14763
2019-08-22,2922.95,1498.700,2.13225
2019-08-23,2847.11,1495.500,2.14438
2019-08-27,2869.16,1531.850,2.11738
2019-08-28,2887.94,1541.750,2.12413
2019-08-29,2924.58,1536.650,2.13175
2019-08-30,2926.46,1526.550,2.13763
2019-09-03,2906.27,1532.450,2.12663
2019-09-04,2937.78,1538.800,2.11238
2019-09-05,2976.00,1542.600,2.10213
2019-09-06,2978.71,1504.950,2.13413
2019-09-09,2978.43,1509.950,2.13838
2019-09-10,2979.39,1494.600,2.13163
2019-09-11,3000.93,1493.650,2.12725
2019-09-12,3009.57,1502.950,2.11850
2019-09-13,3007.39,1506.300,2.13938
2019-09-16,2997.96,1502.050,2.14513
2019-09-17,3005.70,1499.300,2.16413
2019-09-18,3006.73,1502.200,2.15588
2019-09-19,3006.79,1498.400,2.15888
2019-09-20,2992.07,1504.100,2.13463
2019-09-23,2991.78,1519.500,2.10625
2019-09-24,2966.60,1520.250,2.11300
2019-09-25,2984.87,1530.850,2.09963
2019-09-26,2977.62,1507.050,2.10438
2019-09-27,2961.79,1496.150,2.09863
2019-09-30,2976.74,1487.600,2.08513
2019-10-01,2940.25,1466.100,2.08863
2019-10-02,2887.61,1484.050,2.05638
2019-10-03,2910.63,1504.000,2.04313
2019-10-04,2952.01,1509.500,2.02700
2019-10-07,2938.79,1502.150,2.01200
2019-10-08,2893.06,1500.000,2.00950
2019-10-09,2919.40,1503.400,1.98425
2019-10-10,2938.13,1508.200,1.98613
2019-10-11,2970.27,1498.350,2.00088
2019-10-14,2966.15,1494.200,2.00088
2019-10-15,2995.68,1494.750,2.00213
2019-10-16,2989.69,1482.550,2.00325
2019-10-17,2997.95,1484.450,1.96588
2019-10-21,3006.72,1490.850,1.93400
2019-10-22,2995.99,1487.450,1.93600
2019-10-23,3004.52,1494.250,1.93963
2019-10-24,3010.29,1488.850,1.93563
2019-10-25,3022.55,1504.650,1.92813
2019-10-28,3039.42,1505.050,1.93550
2019-10-29,3036.89,1492.750,1.92713
2019-10-30,3046.77,1490.150,1.90913
2019-10-31,3037.56,1506.400,1.90225
2019-11-01,3066.91,1509.850,1.89050
2019-11-04,3078.27,1509.200,1.90825
2019-11-05,3074.62,1504.600,1.89350
2019-11-06,3076.78,1488.550,1.90425
2019-11-07,3085.18,1484.100,1.90138
2019-11-08,3093.08,1466.850,1.90063
2019-11-11,3087.01,1465.500,1.90463
2019-11-12,3091.84,1455.000,1.90925
2019-11-13,3094.04,1463.450,1.90988
2019-11-14,3096.63,1467.650,1.90413
2019-11-15,3120.46,1465.600,1.90263
2019-11-18,3122.03,1458.400,1.89850
2019-11-19,3120.18,1464.900,1.89463
2019-11-20,3108.46,1475.700,1.89875
2019-11-21,3103.54,1468.900,1.90950
2019-11-22,3110.29,1471.300,1.91725
2019-11-25,3133.64,1459.450,1.91863
2019-11-26,3140.52,1457.650,1.90863
2019-11-27,3153.63,1459.800,1.91375
2019-11-29,3140.98,1456.350,1.90550
2019-12-02,3113.87,1457.500,1.90013
2019-12-03,3093.20,1470.400,1.89150
2019-12-04,3112.76,1475.850,1.88713
2019-12-05,3117.43,1474.600,1.88500
2019-12-06,3145.91,1474.850,1.89050
2019-12-09,3135.96,1463.600,1.88838
2019-12-10,3132.52,1464.450,1.88725
2019-12-11,3141.63,1468.050,1.88738
2019-12-12,3168.57,1474.700,1.89363
2019-12-13,3168.80,1470.600,1.89963
2019-12-16,3191.45,1477.400,1.89850
2019-12-17,3192.52,1478.400,1.90250
2019-12-18,3191.14,1478.900,1.90800
2019-12-19,3205.37,1474.400,1.92775
2019-12-20,3221.22,1476.900,1.93475
2019-12-23,3224.01,1483.950,1.94663
2019-12-24,3223.38,1490.850,1.96050
2019-12-27,3240.02,1510.600,1.94463
2019-12-30,3221.29,1511.500,1.90938
2019-12-31,3230.78,1523.000,1.90838
2020-01-02,3257.85,1520.550,1.90025
2020-01-03,3234.85,1547.400,1.87388
2020-01-06,3246.28,1576.850,1.87225
2020-01-07,3237.18,1566.500,1.87800
2020-01-08,3253.05,1582.850,1.83400
2020-01-09,3274.70,1547.850,1.84788
2020-01-10,3265.35,1548.800,1.83775
2020-01-13,3288.13,1550.350,1.83125
2020-01-14,3283.15,1544.950,1.84263
2020-01-15,3289.29,1551.900,1.83613
2020-01-16,3316.81,1555.200,1.82663
2020-01-17,3329.62,1556.500,1.81913
2020-01-21,3320.79,1556.250,1.80625
2020-01-22,3321.75,1558.100,1.80088
2020-01-23,3325.54,1554.050,1.79413
2020-01-24,3295.47,1561.850,1.79538
2020-01-27,3243.63,1583.450,1.77450
2020-01-28,3276.24,1579.600,1.76950
2020-01-29,3273.40,1571.200,1.77713
2020-01-30,3283.66,1580.400,1.76325
2020-01-31,3225.52,1580.850,1.75113
2020-02-03,3248.92,1578.850,1.74100
2020-02-04,3297.59,1571.200,1.73738
2020-02-05,3334.69,1552.200,1.74163
2020-02-06,3345.78,1564.750,1.73413
2020-02-10,3352.09,1574.050,1.71313
2020-02-11,3357.75,1567.700,1.70725
2020-02-12,3379.45,1566.750,1.70375
2020-02-13,3373.94,1575.000,1.69163
2020-02-14,3380.16,1576.350,1.69175
2020-02-18,3370.29,1588.200,1.69463
2020-02-19,3386.15,1609.500,1.69600
2020-02-20,3373.23,1610.350,1.68275
2020-02-21,3337.75,1633.700,1.67925
2020-02-24,3225.89,1682.350,1.64663
2020-02-25,3128.21,1655.900,1.63763
2020-02-26,3116.39,1647.950,1.61325
2020-02-27,2978.76,1646.600,1.58038
2020-02-28,2954.22,1626.350,1.46275
2020-03-02,3090.23,1609.700,1.25375
2020-03-03,3003.37,1599.050,1.31425
2020-03-04,3130.12,1644.800,1.00063
2020-03-05,3023.94,1647.450,0.99888
2020-03-06,2972.37,1687.000,0.89600
2020-03-09,2746.56,1676.600,0.76813
2020-03-10,2882.23,1657.400,0.78413
2020-03-11,2741.38,1662.500,0.77250
2020-03-12,2480.64,1636.650,0.74050
2020-03-13,2711.02,1588.150,0.84313
2020-03-16,2386.13,1504.650,0.88938
2020-03-17,2529.19,1472.350,1.05188
2020-03-18,2398.10,1506.000,1.11575
2020-03-19,2409.39,1480.700,1.19513
2020-03-20,2304.92,1504.450,1.20413
2020-03-23,2237.40,1494.500,1.21563
2020-03-24,2447.33,1599.500,1.23238
2020-03-25,2475.56,1620.950,1.26700
2020-03-26,2630.07,1620.100,1.37463
2020-03-27,2541.47,1621.200,1.45013
2020-03-30,2626.65,1624.450,1.43338
2020-03-31,2584.59,1604.650,1.45050
2020-04-01,2470.50,1594.250,1.43650
2020-04-02,2526.90,1588.050,1.37300
2020-04-03,2488.65,1609.750,1.38738
2020-04-06,2663.68,1636.600,1.35238
2020-04-07,2659.41,1652.200,1.31988
2020-04-08,2749.98,1649.050,1.31138
2020-04-09,2789.82,1662.500,1.21888
2020-04-14,2846.06,1715.850,1.17613
2020-04-15,2783.36,1712.250,1.13488
2020-04-16,2799.55,1717.850,1.13525
2020-04-17,2874.56,1693.150,1.10900
2020-04-20,2823.16,1684.950,1.09763
2020-04-21,2736.56,1678.600,1.04300
2020-04-22,2799.31,1702.650,1.02025
2020-04-23,2797.80,1727.550,0.99138
2020-04-24,2836.74,1727.250,0.88713
2020-04-27,2878.48,1717.250,0.84075
2020-04-28,2863.39,1708.100,0.76013
2020-04-29,2939.51,1706.000,0.68663
2020-04-30,2912.43,1716.750,0.55613
2020-05-01,2830.71,1673.050,0.54088
2020-05-04,2842.74,1703.700,0.50088
2020-05-05,2868.44,1696.300,0.47400
2020-05-06,2848.42,1698.900,0.44763
2020-05-07,2881.19,1688.650,0.43463
2020-05-11,2930.32,1698.800,0.43350
2020-05-12,2870.12,1703.450,0.42400
2020-05-13,2820.00,1699.850,0.39238
2020-05-14,2852.50,1716.400,0.38563
2020-05-15,2863.70,1734.850,0.38050
2020-05-18,2953.91,1756.900,0.37663
2020-05-19,2922.94,1735.250,0.37413
2020-05-20,2971.61,1750.050,0.35800
2020-05-21,2948.51,1732.800,0.35950
2020-05-22,2955.45,1732.450,0.36925
2020-05-26,2991.77,1722.750,0.37125
2020-05-27,3036.13,1705.150,0.36250
2020-05-28,3029.73,1723.300,0.35000
2020-05-29,3044.31,1725.650,0.34400
2020-06-01,3055.73,1734.800,0.33713
2020-06-02,3080.82,1740.250,0.33050
2020-06-03,3122.87,1717.600,0.32663
2020-06-04,3112.35,1706.450,0.31763
2020-06-05,3193.93,1709.550,0.31288
2020-06-08,3232.39,1692.000,0.30975
2020-06-09,3207.18,1707.500,0.31463
2020-06-10,3190.14,1717.650,0.31838
2020-06-11,3002.10,1731.900,0.31338
2020-06-12,3041.31,1735.850,0.32088
2020-06-15,3066.59,1710.400,0.29900
2020-06-16,3124.74,1728.350,0.30788
2020-06-17,3113.49,1717.300,0.31625
2020-06-18,3115.34,1732.650,0.30638
2020-06-19,3097.74,1728.550,0.30513
2020-06-22,3117.86,1745.450,0.29663
2020-06-23,3131.29,1756.600,0.29688
2020-06-24,3050.33,1775.700,0.28375
2020-06-25,3083.76,1758.550,0.30600
2020-06-26,3009.05,1762.100,0.30788
2020-06-29,3053.24,1768.800,0.29613
2020-06-30,3100.29,1770.700,0.30200
2020-07-01,3115.86,1787.400,0.29850
2020-07-02,3130.01,1771.850,0.30375
2020-07-06,3179.72,1774.400,0.27650
2020-07-07,3145.32,1775.500,0.26838
2020-07-08,3169.94,1799.350,0.27288
2020-07-09,3152.05,1812.450,0.26625
2020-07-10,3185.04,1805.750,0.26813
2020-07-13,3155.22,1808.050,0.27500
2020-07-14,3197.52,1798.200,0.27088
2020-07-15,3226.56,1809.300,0.27288
2020-07-16,3215.57,1804.600,0.27175
2020-07-17,3224.73,1802.900,0.27138
2020-07-20,3251.84,1810.300,0.25775
2020-07-21,3257.30,1823.200,0.25550
2020-07-22,3276.02,1851.000,0.26350
2020-07-23,3235.66,1882.350,0.24450
2020-07-24,3215.63,1893.850,0.24675
2020-07-27,3239.41,1940.550,0.26963
2020-07-28,3218.44,1931.650,0.26825
2020-07-29,3258.44,1954.350,0.26063
2020-07-30,3246.22,1952.200,0.25100
2020-07-31,3271.12,1974.700,0.24875
2020-08-03,3294.61,1972.950,0.24900
2020-08-04,3306.51,1972.250,0.24850
2020-08-05,3327.77,2034.450,0.24200
2020-08-06,3349.16,2049.150,0.24325
2020-08-07,3351.28,2061.500,0.25250
2020-08-10,3360.47,2030.300,0.25688
2020-08-11,3333.69,1996.600,0.25350
2020-08-12,3380.35,1931.700,0.26475